$ANSIBLE_VAULT;1.1;AES256
38323664646436653530356463323132626535323566303739376533313535343330306633333064
6331616437343932306433373364316130306233333966370a343733656237333138373461353965
32636161623431386262633139366532396366323130653362313261666564353063336238326364
6665353266306630340a393636343336386563306237393637623938323736356162646432663934
38393036653961376534336134666432383636653366346263313232636435613466383437373735
33653865313234626137343562613034633339383634313139353239383364663964326532623161
32356432636334613931363731396532353230363336356431653564363137643837363534633266
37633465363636356431346534623634623438366536333365323033393165396135323239373362
66323235383630363530386665376661356132316234323361393466353561386462653261373232
63656438303431636330613933393034383932326437373562613335396532303138346361363864
37383466313432366564336361343438356433623563333637333432653335383532393566323430
33616230313138333434326531343161353236623130633335333334336439353462313066333065
66653239333534383939393961313439633631363533303265383930636466336465613036386466
33373436313630643838613030376161306534376633346335343738643838383030396361663062
64353862353332393130623934353238636334306139646237646133623065646535356439663863
66636539623362393332343130356337626431363761366662653762303739633334313631386362
38326231366363323166613935333265393861626436613836613330366561643230343633346437
33306437663339643530623230363938663464343134623461663234616437656439353063626562
66313233646438303431363032646564356231646532393365376135616138326364323132353735
32323038333835356561656638373131343630626633356366356235353231326566663333653666
30323930326430386666326337333035366238643661383330383835353033643264343262646262
62363239616430333938633436396232373461626465353630303430633765373337363735303061
30376363653066613035633531393336636261353033356333626230386565623764393533313130
31633764316461616236366232636333663239396637663965313336633466663830376536323261
33323065326566366666663761373363383330343063326366346464616630303663363931656634
62326261633564336131346633363165646661613136626164646239393865666531393839333833
62356638313466366132646537313362646136626338363566616364656462313363623763336565
36303335313562323038326562326165386165333565306231623464633666323261356163356331
62633634343762613637666263663137303535346638356631366666613735303966663366663466
66636230653662656666643361653639306436636662626133323266653935343735353738363662
35323662353666373263303264303438353239643862633133376662613532633531633461303936
32636432666335376362353136653064653331626131623036636130353065626162353837323038
65363330643439343136343465323936366439623966393639326632333730663733393731356437
61323362653432333131623064313231383833353131366363356139333764616239346431656537
39653737353135316533633263626664313235626631303263333737323635383431666264353030
62333531373362646361313964343465636335653637656362623736333166656637343662393662
36616331366334623133626439663032383836313632396134363537626363666263646566383938
37383634623066636637626262366432656337653237656630383630396530633433643632623936
34363465326634646336386665383533306532643138643737613064333566653232623662303463
34303363613836316330366362646630626539353233356230353063636237303639366235366339
34636232663263663937393937333930316365646136373763353537326266633433353938313537
65333239623131386263393465323164623634666465613262623962343233393737363862656431
39313461383332303761333834316632393233613934653063626435656536383463383138333836
39396532396539663134636539303164626632303334363436383832333633386463306564336233
38396161663037646337373432316361383337643661343031323962336232343364313637636534
3631386333366461653834633933663733653734656234303533
