$ANSIBLE_VAULT;1.1;AES256
36643833643062353433373435363364613130343962376538663530303561656434646235356565
3030383931303739623232623632613137623034313637340a663863353939656132383032636163
30633635656538386261323331363264653131343139366139323736633164656335323639393264
3061326432636362300a616130643463366161363563633266373038363633633463323230376265
66366134366361386131646238666139396239663430633266366537306434386163303635366465
64333634623536396366663831326532663136396261396432356437346462336234656637333133
30306334346138393961316531346162333961623434333334333564303666663534626466303665
66653564336565646538353861626336383063623664663538613965366233613564316339326365
66613838663063663830303637356531623639313861306161633235326661386339346139626163
31303237343234313139396338336234643439646133316230356139333836353338613261633638
32336230306361636138633239373131653134303435656465646331623239353831383662626166
37376432363964636132613361393466333936633532643932616531353064346439313437303339
39313532663131613966393663656332626564363731626566393961373836636331646533396630
36336335613131656636316233313564613531643131646235376665613234373637363835393539
64393361313739313064643333386663653436393562313935623137383337343037643561613562
66653230613633323164396334353437656461306262396266343963356663313536343537383562
38643734623661363733346630643061646630346533313230306233306137366234656139623032
64646235383961313235383130666363353132323364393639633831366461666132653331663162
34306563633639316464643164363465613631663064373733356133336332633461623332316432
64623133353330643539366331643637666431336330333739393863383737356232346464363465
39396464383561333962313861393638323339343330643335386533393165643036653238373461
62343636353531336166336332613931613731316166346666646534666436626436646332383239
39326365663139666465393736396664393438383938393431646635663261653634353935313065
66383764393031333438653666316431323630313638653938373839373433366230323535616534
38666137376133653937336138326631356662643361663036353762356635306366383464393431
38313063393764663365636230633662363966376134346436333834323935666237346434623837
32666461313362353265336236383465383237366339343666333634653336333434396566313836
38313237636430303235306230613464333339353637326632663533313139373333633937363466
66643934396162636163386435663239336562366162383061303535323865613238323135613763
39626436613433383432646531323932633332383430363232653164326531626361623838616433
30343337616332363230386639383037363338343563333337363766653031336166356163366665
64353565393333333062616530326531353362666635633437643864373530313636306664373834
37336436613531643838376264313462623635343135613165653265356337633461636461363837
62653339656634383866626231666663643836316162393839306232353132366636653666343861
35633530616636653033636233613930323234643762623435663634626166323632666465636165
39336665653934363231336636383638316138623035326263303038653261333738633763313937
61366436393266303634323038373566306431663830353565353434623636336331343235333834
63323136346134393761643238643863373766636239333339316130616165643233336461373432
39373631623532303563376361306230363434373832363037633635346632373263363563343836
30333439666361386336333365346531303037353235663432396130653338356135636463636134
63386664363364303732316633653330346162393162373432323234386134313563373338333063
66323434663666613763343863303564386137653336386562333332393163356664633766626339
33323531636637663833656531653766623139343665373834336438323335656566643633313839
64643531326139663636646334303061623562303631613231613636636236656266323839653738
66313564663931633535626163636239623830636362363634323264393730333764336434306263
62383631333831393064373233303731616335646464396133383562306637303435663839313763
63666537643265633666303133643232373465643530623665313638343362396238626431333162
34363165653764636539643239613332303065373030326563323439306462623536616330373535
37396231306435363830353361353432303830396139613133333163616661386634323239626439
34306335336365623536376365336365313636373362646161336131656432313931663465343630
35316332346466366464623962393164386162616431366565376333653035343663313563613135
64653566316263653331373637623961316330333965396137386366353262316138363531653166
39313561336332393464666161326437303835376566376363616330653934396536326335616532
62366664643330613361363230396466333633656466386262313361343335636165303431626163
33333466373433376632373261383661353866336462323830313936616339663963663164326639
61633237653430646236386637336334303332636562353334643461626632323837663063333163
36353766636534616633613033336435653939336430366232336362663435336566373364393630
62383538636139343738626661636566613161623263646431313566643065646562313462363232
31373033363130336666303339643163386461373739383038656464626136326361656262666535
36346561343631363034613633663431323766663364303565353332353061356162616137656237
36306231313432356533373162386531393632336536616234646535663133393938393836656539
33303264633734326237656330623761326163303835643539366236353461353961623137613238
65613631643138376566616437643030396361333564316635306236386165333161633666646638
62663663633035373136366632346630386330636665616532353635666165353961623936333530
36623764636361303865313662613634313936353330336433643163663232633835656337656634
31393332643231326534656533373165323535363234666630336235346435623362356437643339
66653161393563616161646432326464356433303239656134316266333461313263366636643064
63363132326465326631393931323138616535346530656237623832613733303333643930623131
32366432326133323165666264633932636132376461666663373563336538343835356363396562
36366239636166316365393665316662643337393236323063333939326534396639306561366638
33323439313364643763643434376463366561663430633538373463313238623334393339633262
35373566633739633266646534343862313161663137386137666636346561623433646630373762
64633366303065636236323466383564643264613735323734323666343166326235313863323932
36666635393465346634623434306135366261616438643137373432326566643361666165623334
35323562343364633561373461306137393231376666306536633235363261343132393264306133
36313838323730663537666166393931303066333339333330626366663030313664653065623665
64356434336366666463663133336431386166633335636466313732363235666262666631363837
63376364613263633533373539333365396639356430616330643639636462663737336562663533
39653338633139366564313938353633396530626332643431396338366533646630313065303337
64376531316365396461666239313830306538363463663139373336353536396331356538336139
65396236623233386164313536323339366536616363376636386362633761306330373736666634
64353363633635666462653431326431343361323465666635376465323165363734366535323862
30386261613166303438376464326562376437346666623439663038353436363637336564346361
62396662616261666266613230316535666631363738623365323739633435336336356239333336
33666539613539353863633864376236633763623038643361393664393164633065626437393832
37633039343962376266363434393238386239623031343337346430653438303535333835323366
63333465393839643931626361373032326430346535386365626436656663313538373830363332
30363162393436333964623232653135663637646266383035616431316361616265613337346136
37306533336432343263363162663137373961663536306566656534323631636638363032616537
62626365313062353362373763313131326231353339343539383665663366633332613034643862
34663332623532303863633530313763333039323963373862376163386462366265333938616262
63306136316431323439386433326566656431646664353637656264623437373338626433303166
36306137393332356139326436353333666665303262656236663234313562666137643833393264
31393239653036636563343866373439636532353637396634663838633963613733626462636436
33623538623961333335336165363135626666646433613334656364356339396334623964326133
62313965373733313662623436393434303664346534653434666131613464376139393566353933
32343066333338643465353835343036656335363737393761323561393038353164336132383130
34346261363633636662383433643533363835653138643638306232326131623064613463363934
30363938643961363464306363333364373461383433623436353038306534376462356636303235
39323839663466313166373631626561623465663335616263613738303063333530616462613532
63303266383931303139306339656630333037306232383165383137386434316436373662663261
32333132306234363031363532663331663764333934306534653065366230333730346236633363
33376430303336303963313836313731646234653263633265376166373563613735613634633163
65343563643961616665643737333832376130313366613834343864313238383661333163633335
61643862303333336231353139326337663133303965623566326561366164313064326537653966
65313565303832666232626230353233333439333161353936323464623230613231653631356536
33623062346664646263313130353037336365353261393939333731326332353038643538653239
33626464386538343631373135663865633162336461646665623465386236646239633938626361
37396466616165623166393661316238663936386636336539393637336535336661386136613834
62666265336338643233663963613039373961633663383163393766363130366131366336346535
63313733616137643266393664656364356332633365336435656666393437383435363661626430
30626334666630316639613766366530313831623861303861343065646336303964306561313763
31326436353438316438633839373136656433646537386536333263646165383765343162323630
30346363656563663661376361336464653236643037623333613133613664316138376363353262
30333436643037343261333935326163663262313961623437323434666234306263623434636631
38303039663064323331303633646566616431316465363336363835656363356265656432626331
38386566356234626637356461656464306539346363333234353133316363313538343633393132
39663530333935343132363264316330633036306137353164336566376537636664373133346534
61396563353363313931323136616666366132326231643832363331373265363462376137396261
34353865353137613832303563393039626531363064346432626261396563663065363635306432
30353362343037363163393433646338663631613334646436313739343638626135353332613833
63396630333930626562363761376532616634613338346534303133333466346332303936363237
65306333663165383366383537633331636263336561623062333932656131353664623930396438
34396164353736393064663634323162653364316162616130623034616166323933353538303734
35393962303332373963646232646433626334656463666664363865616231323135393361393232
34366335666462623932363332343031353033326532613936393232656139633532333866393430
37616132363164356331616337633434393931383137313531303439336666623739613063316466
31646433666637373266316437386563373931626166646330393466323861353765393763363461
39633335316337343164396530616534323933613630373736383432613236623437363535353135
39343931636165376333386639613163353631623964383866363139633262303961663337393463
31613335313737343539623631346130653766333333316637613439313565356335633431653031
32323364373238666663343134346532643561656639333862316135356132353464306562396337
64316131343230613733393934346532353935353334313266343830333537663661663733363364
35613966323939376430623164396361613132323162333434303863636630313265313231623933
38346133366366313035313961353863303766396534626632636464653263356232323134383361
33666636613634386537376138613039633838326134343061646138313332646131333135313966
31623130373736666636383132663038376530306230373130656339623334376234313532656366
33336366386637313961653539393538393066303531383162646334313237613935343133363136
30316361376263646437653639656166386637313736306235646465306130663532366633313833
34653830333638613137323234643561666439646131376166393631346630653334663466316530
32343065393662353337313333323935666133656464363233376133313935353433666461356630
64326132313435366536346435363333376363303736323337623835363737306238306262653530
39396534613530336363353732656131346133386166373837626463643831336265343532666364
38336530313631393661316330336130313732653730343134653266353161636431623432353336
39363337303062646463633233353566643733323035623236643034626638626439623238623435
39626538356638366461393663303332346232643430346532393262613330326431643666353662
64393233393833646536373866636335633563613434316363626664306431313935616138643631
30303263653031383666653563366264323738363330613332313465663733363738666132616332
33303337613935643262306231643039656565353037343539326532613638353630643137366561
38383431393861613665323434386662633565623735373939326661643963383738616163636232
37663965653337376164336537323466323839333630326239383433393035623439666333653136
33623366326338643334636139303538636535626238643739623662663334363531633761366435
37363264653837386639356166653166653634373863346439396336643932623432343934353530
35636464336561656630623261623538383865663164636536396133303135636365353634386336
61653837346237323638623132343537326362346662623036663130363262303835313230636438
38303066303535363235316561666563396139313664353830646463626339376466383865613937
31653262663637396234666465333861343430663839316138373735323862343732313138626631
65306666373934363332613435383366663638623038626265363632376337663739393265303935
61653534313030383861376263326532383535346137386261656361396365633530313634613335
62363237363161333038396633623639666333626139373561623763396265646338363463303665
30383333326161303333393730393138396630666636316135643562386661343436323137346536
65653436633539396666613138326631383937653430383364343363353064636334613232643966
33643235393966353463313432333863663533636338343162326636613138636438643230663838
61323166333061383031373738646436653832316534643236306639343066356433336361303837
30613736626539306165633564326636633562323031343639623066383063346531356530306531
34333931373466626130656632373463633737336665626166613764636632623235326561343361
36393966313236383265663838656532333533393937633033303636663134353765316337633932
61393533613938386439656631393161393137383830383332663764613361396333663136366466
34646638383135336432383937643237653935656464343738373262323461643031643035613133
35326234653166303536313936613366326166363661373265306461663137653664623964373130
61626166333332306362656434396234666638323230353565303531653534356366333661366334
32343235303233363361653032383262623662633532313163623836636266316639646331626661
32373234663431343163646135613635393132613433303137626532646438333738313664376561
38366539633534313635346265643561623261646330363861646436333466373439323961303138
62666238666431643732663761383733626364356462616366356366393264323631303361303064
64616462323236336163
