$ANSIBLE_VAULT;1.1;AES256
64653734373932643532623465376366316562346662663937356339336166663430323565316633
6137633735366134353937316365643336383639663732380a346265326334373564313435653939
31336139346339396533343439653538313838353335646536366138333863373233633236343332
3838663433363133650a613765613433666538376163383735333537666533313031356565663535
35323962363731316331386665393465386435373662353266643238616331613639633062376537
30366562653661656139373664366435383331306631356261613564336166336436653035303666
32666666386436373830373233346337393065623038613531343936393239386563363732626565
64616336343164666435626366333933643161356433643232303034303031313536333565643735
33643963306235656231363561303461396432666537383730396562353432646131663266376265
30393462376233343037373634333430626162656434346638383466663765663035623565323562
32386639326232353366353464356333396232646336343232633661373132343938663230663331
39623638636466386139666237613832653164373463343164333866323939373065613138323031
62626565663635393036393438396534353062303338633531336633613938616165626164633334
66323036633864356535356331386361333263336462383063373761386339386165313739623935
38373766333663623164303132633332633161623666636634643334353438623062353739613462
36313039303231363264643236623737643233336266383665323461353866306364663732393462
38323530626535626565303333633962396432343865613233613965666635613164326363316266
64613964363333373837646663323937643631323137336338346634346532663465636265343032
36376335333263666537373738386632623061616166623632366239396264343762336131383436
37366139353231623233663433313462663239333630636364326365363539343333646364383834
30336336633162316632306262663235633939333163626637333365313534336436623331326133
36353433666562363739303136343666623364343534366265663334623061646530346566343365
66626535616331646466366366303333303538363539366566343530623737303466356537356263
62326232616631613237623733616530353361636462323861373762313866383835336331336537
39336233653536663763303331316332373237396430363437326465666534646665646138636230
65613331383332306233663933613162306366373462396462353662396430376263613733343764
34653536383334636635303162316231373766633133386337333939323438613639646437373061
33616438366636366135386662353362373137666262653437663562383130316137653731326661
61336562333562393065623234326435316133393866386637313730393031363966313163323865
33643063646430393137313066386661363663323366636663663661393766663135663234356463
61323337323735643533303964643363376533376466336235666237366562366463316666313730
32613333343133336438336130656135363338326532346632356532323532383438633834333832
35623932383031353437643763393331393233353630333263373965643338643233366630363065
35303264626132373635303064663165346561626332646335383930343734376566616162373730
63316530396564356662623362366130323732656365623963626366356264393336346364336364
30363333376237353566663866363235363639336439363161343264386466356664643833353337
37373638643632336438643038666165346536333865393535306436396330616439623965373138
35626135343830633061386632393665643938396238363039616234383361636161663839623466
35353832653136656434666361626332366661633061613533366432333139633831643566636331
64343130353438613932613461626564343161343130366335653837353063303830633764346261
64663738356662613235343337613534653436646364393031376662386563633630313832383931
34343162343536373263653966373932373965346532373733626239626462666437653332396334
34656235333564366434353632666530666266666239666634323634656163313538633266306464
32626637616637626632313031306531646464343565663834633234323430333434633937643065
61323533643535616637653535326637353566363632383631353434356138633965323433333962
65386666306434386664353232336565383832343862613761366335653539306436343032663833
31356363373265303139356133393665663964373436646633326162636664346265623063333335
61383536396665303335396233373665643430623037316632363939616537623131663230363730
32333433663066346331323938616566393962616439306434646636666562326239386336366336
65653139356232653031343061313335343033373731373465363836643961303765333938633161
37326233383035383666333862393936643461313433646139636133353265653765366231656666
36633764623937646636383731303265373638313431333365303835383930323166333437633134
62643530363165653665393037653564623531313539313433313466383239643963393036626339
37386264636532323335333538343232653837666266373666356462353239396365386536353539
65643561636162636562343939653936383066343332303266663533333739326636613261386332
36356366376466613234376163613839643066336539616139316238356566656534623766326361
39396261623466376465646366653661636337323061343563653565393136613632613333636663
38303965613861636333326361346236623261366232353636626365313764626534333239356139
38393030626333643063626136366266633737326331343837333838353337303031356631303339
37666462333365383030313663363761653235646635653664613564626138663462356264636366
38356135376130323037396261346665326164306531353833303365666361366430363066366436
35343232343337366166656666383665613137376265646565633230653535313262633161623834
39636333393166303566633539363366663532316537616138626136663063313464373030353662
63353232616137623631333037396633623335363531303262396632653032666230383734656666
37623533383735326538626139663162656631623137323531633164376639383062366536316563
61653365336232343835333338323435363734666565333935646161653735643662363430393634
32333138326536663736613330306437316463366430393938623161333932343736613531363062
30616636316231663665366364393339363535666530376432303062303437343163353262663836
65316263323863393137653566376561363134633036303238356538313539653661663565663765
66316262343737343930623235393661356431303764306533646563393337336433313836303366
31343635663733333239333565353532656536336464636532633832646361643839346633633962
30323135386265346631343230613166373261393564333165643238353738393662303230343336
65346231613463646265356234393464663131663232383464393836373530653434343035333464
33656230336363393266663437366235636634626230323566623536623230633131663366653339
64333235623765383365326465353333353834656665306338323539373763656639383535666262
61343332643263346130653361323334346561376232356264306365633965353561653465303132
30616439306263613230653266313232633232343831313063633631316632303264633234356163
66373937613163663737353836653266623030613962663538306263396331643561626337643837
62373030366430333763316362346637343135633137326439633136656434306331643539623131
62653534653838303266383832383461396664313633613163346539333266376633336461303965
64393866323333633134323737346263333431323333623765356461323739646637386235646666
36326330613635366362303465343339376432373762343661633138663961633365623035313266
35343932366566333739356336316437623830626364363732326565376566656133663963663932
31363362333663663164306430666332353763353166373766356635643463303831646265376163
38316533353437393333343631363633346435356263306163333362313864353864353038623037
65656630383135333131646434633739633738393434336636663434643062333062326130343634
61643139346464303166656163633564316631383065353934373539346465306638346265393232
62366535373735336162623634336465643462656135663039646336306461343233313162336366
36663463333230323831643530353765356535383135363036303261316634643836363464373866
66353735333764383037366437373630306134343562623538363032623733343836653235366163
31383864343032343838646365326431343461666432613635396539376364353033323831353861
31323939393966633332336133323436326665376136633061376164333838383066636238393136
61336565373930303534323934666265323238333263383063636136373531323032353632653339
65383766316630333966623035343533363363383339313433623339313565313366663462303837
66653832633731393166376662383933313234313639636464353935393535613836336233633130
35326162626330613966353262343131366566326638343963326662656461623032353763646131
30326631306262636134326233333330356164316538353433363538623061656661313035346338
32306464663233326332643337363039623562373765653938626230363138646364343236623739
31643864346536326239366236643937356133346438363338353235313638373664376261663834
36353033393434646435333066346463653338373635363564346637623934633133383135393162
36656439633332346335333138316534386432346365656338623832393164656537633634373336
63333963376265636134646335313934396537303165316630616233333962643230306235366335
31653637663731623766623564343537353430366561353636343965333834613662626537343637
33313734386462643464633936623561643632353136663238616564623030346336323865316632
66636461613231383431393465383835643836323536333135303066346532363565353862656634
35303131356665656531616465323232303466613633646532393733326130353835366434393666
35303464383361633539613831663332613334383765633236343763323335313530646436313837
63333932303963306632656261363734363532303339636133643339333936373236633630663165
39343638356437636239303332653837663662643566313162643636383030616262323335353233
63353833356233386535653237616165313564346531383234353362336536643236666639633436
36303233343830613932616239393735666638393363313230366338336563373563393537393363
38323264616532623531613331393736636564643166353663393936383230383535316235393035
38656239363839373539616438376632633364653839363035363364666633376331323433353534
37616265353136663836653636633566613235633138393937366335366565386432646334646133
38616132373439383261366464643966356532366637653131323261333735393430653030356533
36316265343462396632356265383933623332636234646436353063333838376462376231623661
37366662386261306436666132633062336263353863363164626632306337633638326437326463
35663836346663633837313665626431343239656261393862343038613735666662393131633665
63343065616261306232653963623466613235326336343538306664616636353433343131643431
36363032313637336538343566626535386433396230613462313235626134633833353438663066
33386266353463333064313537666263663734323231656134383739653064306362646165663439
32336438313931306233323832333764353032353335616135363163663861626463306534666130
33386461626664303935323465313038613965316339316530326262376630663338323632653231
64386631616230373731613165653737323536333736376439643766326530613465633261653065
34333434396266373761623230306135386136356136666433666139633135383035396539303935
30363635306133666534366235653438303735323531616534653665356439353766663037346430
33363432333463616566366634666164316665666161313064643032386536653061616163663864
34393733343764303864623631376261343233323866323434666637303330356333633537343336
38623632626366313136376433373961396538616639303936393666656131343662326162363061
37383436623131623363663636386239316663363132623232636634663431376336373962303531
38383031376231646536613766306465306164623762353764643133393432383565633931346135
37613061623231373435383439303566663133616665613362313037363231653465383437626334
32373635386537343666666361386536366333313663333962666339643035326632356662613836
32623666626161356166346238306662356465663266633764346335306135393665376537653538
64353136666165663337393562633762306337353135613130636432303437383865393833636339
35383063356564393836636630643336386531346261356434613063346563323630626232643239
31666266326263373933343832356266356663626232633532383238623635356430393335653136
36386566613731316236306266363066313764663766333562666132326339643439316132626633
36303665373937643339646535373935653465323465356532366364386234346138383038326535
61306531623762323539376238613433663836366432343565383564656165323534613035636239
65616635343134636430646539663836383661363131626263666266393732663862326233393631
66656363636232333632306365333164643131323534323533343964613637353135306230373562
65363437653933616439393466646565386662623862653931353031343932366262376435663532
36373666643266356261653535613361353463643066616532386536333361636337346330613331
33343265376566366539626634303464363465613637303134386331336331386335646238306266
32666634396334366631613964663062333533346664633662386532626463383433346564663134
62666164363261386266353836383766313164656364353631633036316365633236656162363730
35333137626465363662333863366130353738333232363466613338336135656539303038373763
38343438393563663364306634656134333336323336656564613037653531633338616664343737
34356164333838643863366338623430626331336131316462363366646362616633636162643363
31346638623539343661393734643063383230643661353462336231356430383238333934613932
35303061316635663065393432393633613466636166346665316561646632313734363963376231
39393833346236623138633934393331343663646435346265336663663634633965313934346338
62663764663039663335616334366137326439666162353461323636326534373538326462663130
31393762633230383565646636653638303133303938663935626461626262313261663736313936
30646663383236323363356338663862333564663862616461653634373737343733336464656365
38666464356261303836653935303634323136646564636461383466613033616462393034646466
31643663373866383463313834373132633836373834363563643630353033646562386165663839
63623663343931303135303130323739646330363737336261323965363535306230343364656134
38326463636338386431626636313239383562373663386661366138336230323834373436303638
66626561366534636330303239643035623562663631343134396362316134626332353830616566
35343239303261316561313663626634613766356563303461386162363333383233633461363233
35316633363435366664383936396266613066333663663765626639366131626230643331613965
37383637333166373334643436363336393236666437663461623730613864376132616435623038
37393336613634303933666365333130623261316634373833633664373064356161656666323065
35363466373631333766326564303535346164346636646437653461363365663032383933383031
64623537653135383031623238643063626634396339643362663037313362326437646635313539
65346666643233313166313961346635346439623436316436626134393363396563333966616538
64363633313563383739363633656264336464323734656236343339313532336633393633636333
38376639623239346131623533616165356239643537306361663838303531376236353262306461
61306435646164393536626565653362326534623361623937393430363765623764313261356665
32646263336339623461393435346635343231366232376565623530383734636533636134393233
34373466666635386338656365353965383336323833666636666562306265343233
