$ANSIBLE_VAULT;1.1;AES256
61396331323264653565653335663935643535616564626235326462316131393761653130356631
6136316230653464343362653964613064306364643365620a636236623761316266323330383131
62333536376336363932356664313965343866646266366231336431333837393736313730393865
3330393930393463380a373236633738613066386562366533303635376262346361353562313134
37326330383264613932343764653035386235323537313831653861356463663434613463336130
62666163663038333438663761623932393465633235623831353633323534626633396335376265
34616233393135666433303562333335383531343261623663653233633065313838376534386539
36666239303264323035363564646334373363393733343635383435626234386336393231663230
64306466336637376430616165636562376237386235336164623738393663656639623339663532
39343137643035383132663762323762353536363534323837326638373464656435316562326337
66633430373731653563646663653761633664653562356265626531663034333962376261613066
32653730323836323734616531666232303662636236303964323031323863373663313939356363
65653365393535613331363265626561303766616665316665393561666131336534323035353562
62386331646632306232633738626661633330383662623334386566363461363933636165356437
36343631346334396564316264333530396635303138643939646434383664643232643861353236
33303366393661326135376438646333383962633631653461383433343935636337333561333532
30326230663465396564313232366430626265316238303137393730326135336237393665313137
38313233363638336233386535636139366637626661356163353339316430343266363531613636
64653762646563383635383661626237653632326135323135643930316238643732356362633237
32626337633463383031633965373233376634363337303538313264333461323364306634323664
66663732313430363365623063623531653938343630353361306465653136306533616238643838
65386366636234323033363766613261303763346163313930626539656431646263303339626535
35393339656361653037306364343334303139376164356365373936653939376463373638653464
32356464653138393935663065663665343034313833376436383763326632303739333032653661
39626438303035366365326362636232316533353334323937346633313534613837663066656530
33383664643365646538366538383466303535386465623462343161303364623838626534303663
65343632666666383630663262623262623736373965333930373265636630323164626664643563
66663561393335366631376330666633383761303265653634306166373532383063643838633331
31303861656464666366613337306331376462313365383137613436356463323437376636663965
33303936373362623362613762393539663034336533373732303531623734643935626234333861
31643534356130613331353039653935646462353236316266616564353466383331316464346432
31636333336434363734646630303139356530346632363638356461646536333739656238616261
38323731393231383962316236333932653530646261653861353932396538653734336564656635
37346666656438366235623863313231303832383837343136343534343832343730623031633061
38343933306362313030653263306636333264633865633066393564373131646363346530613235
38633035633331643662663062363761343631303439616233636161376364663663343633613932
64663630386136356362346638383563313530356232333462383431613366656334306364393234
34393864663630343866353161343237656533363761303039333066656335303662336634623465
32613962396263633033643631643064616435343438303030323463656534356363303133383536
64343633383831666261623738626136333334353162373634356266373837326665623539653831
31363635323335653236373866643735313130373866343030613938663037653337373033356561
62393637323039346431643865626232626337373364626565396235643864346334353262336332
39616233626339373063353064646238623732663136303232656531653261336363653235666530
33643766383462323030353263636230353762353765333463373939666361356233383563653439
35373731366235663363643831663238366139333833613031343833336363623433656139386236
35656134623632343636373132306231616166333232633130623238313462396631346461613030
34633061613264613937393739613238373233613263386461653066383633363566666436636639
62613934653530356464663164373137346666656635383861363931373331653236353031313436
39313839346531356638366637333330373863353932303038656539626532646634386239316366
36336531633337316631333966303538383064666433656337383761386561636465356338346434
33363430316535356331633238623835376566316433383736653939643832663463666336613333
36386266306636316563343738343932366564346139616566306661306161626237313266616363
63646435343730336631656634663336343462613761626330316132646662313763623130376632
30373564363264613665653731316334356365653863383364393065633463653039303039396635
30373261376134336238303235326264356633646565373839653037363361653164636461326333
38323230386364346365356333646439313939653838613963616136386464653664343264363064
35326239346138356536323861616263656263396463383961336633373237393435616463373766
66373436313135323664333766333362306438613036353563626639623331323562643835663766
39633837336165353636373837343039633039303333646636363435633738346533633539303365
63653237646563636131626631633732646434613164633362373061393830316639633835363362
39346136326263306634313234623161666336643033663232363265333966613361323939343165
36656531316232666631623931623237353238633538303539396164666266376630623261623961
62333232346333373065316433666232303464306636623136373237303838616364643663313363
63663163663133393130656563313864353935323165616261636562313261663931373163353063
36333237343130383337396364326631343930366437623831623937396461393564393062656163
64306639356162633837393638306463663431386538343438336263393430326534316233396638
35313265323561356434626265623663386565623565376239353737363839386234336261633835
38336331363264666133366533313663623166373266373466313261376366323962666362613163
62326636353130626236383465313163386133653832343536313930333036623663353362666138
33316533646631386166356463366264346337653638623839363433326435326532323333666266
63343939636238613564336530333833636536373235653062393463323161616139393366653430
64623339663439323361343263323665303933393663393636333561633332386162313563376631
63363766373932623230643038333163386132653565616436313964323030663936623865343561
66383234643038646533323234643337643430363835353164396430626339386339663139373730
33666664653234363232333932633632333333383863636164643631376263653530616136633437
65343431383862343066663831623032653264383831333037653763613939613139663834663963
36353437326636646639623739306132623765333765353538323761386464633763346331343037
38313739393933636366363361303666633861393663353762623538393430373930373730366539
63633665366465353463333837333630336639656630663630333536313766383837396261306234
33383433326635316561643334663338643464366362366531363231373630343438663638643062
65316162353033333630316639343866623433323436663838343037323466636536653161366138
32316431303763383238646132373136633030636536303430643039343566356637356232363434
33396437363531393739343935366336396563313965353732303432396131363333343237336233
34323262643837306430306330623464396334376435626333336332363463663630363163343936
33333639323962333639626262333639373533346365303734356130346332396264376137366337
34393133386361623438303734343165303934636162323464623333643364643738313730366663
34396439656565306638656338636130663731383633346631306436633835633734373162613437
31323931393739646439626264356161633633653738373462613830653435343934626362636137
30303538336435613737316235303239613637663462613034653661393233363539383165616431
65616537343164623263346565393835336466653137633736646235666639306432386261393263
61303763616366313830343731376233313237393633333738333165326330323866623735316338
63366462626466323134336363643634393366336566383937313431343133663963346666643830
30653766363338306437333239646161383636643133353466366362656331313834323336383638
30376130383762353637393263613135663038643965653831323763313139643837623735336665
31613337346139666364373839636239613666376235623465336263343363363937366436663531
64376331303033323830343331343931653437623063613633366536383635313262663661343638
35363436653964316239666531366134326233316434643833333461316366353539353961383534
66343230313935306633333263633862343935613766356264633663396237656537336634666666
62643632326334633861346361613236366133633034386432393662626539616537383735336466
61333432306437663261663966653430376362306532633762623033326161336430313335323531
39313662306139366134653432323637366339393537303366356161333162616565313364636261
62356661336431323537303134376264353961626565643465363461373239636334613230333839
36643937363161323137303864326333336362663236323363633365643963656238313434653031
64356139356239646534323135643133393833306565653161336462333834653630613339643038
34656537353431643838386439633766653064663938343639306663323033386434366662663133
36633963613333393439343933333663303636323633353834666231363930306232346233313331
61656336623662393261646537323864643338383734303231326533303439383664623034333561
34373762333662613465643333376332313633656562383561313134323333393134656262343432
35346432313962646131653133366562343937663639636266663734333530313364323236646535
66343838646539366263386435306533333732343531353739383566333534303663303562343031
31353938353336363630373134393066366462376535643931366236313364333463373736363163
63363534313537396231633264343132393236313732623865363130343132646236353137343432
63313236663464613931636161356265343936306130343131663061306466303039393337346134
61306430616661613035313461386432366463666136623132333137646334333865393731353936
35393739656363313065383533363662373165393865643364316565396239363832636434663031
36663263303033626162336335353935313861306335653331363165323632393430383839373330
36396363346339346561303033373161353134383131396335373432633765383562633538306562
35396132643933383633336538343939303265373336303531306531616261333162653661643761
62646661396532346165633634633863346334643737353066363334383764316132646335633339
61323061643364653930626332323363363562313463383231306237333361386233613733383536
63653334363866393162653566386533356132656438373032316566653463343833353638383332
33663339363063353838303533646238666234626166613766613966663837306361346364386230
33363930376331303631613466306335373639353462383932313436393133313666356163383939
61306661663736663535363736633666646438386130656666343836326236313533626539396562
66373830313065363430653031663566646133323361346635623262343937363066373433653132
31383638393064663066396165663063646536303130643164343065373333633338383139653130
37323638643935613532356533376336636361353435613039376263653031613733336232613039
31333437666337356264393266656138386137663932346233386162393764346534623163663066
65623635356232353966353665393464626132383233323038373764303532613932313363653333
33323232623762613363623238633634633437396136656635666239313764656161643930633732
32353937326532333032613165663030633737643936643665666539623236373263616564306362
34633836383033376136336465616334623133313336613664363762353931643630613234353534
63623463363037626630396266326361646437653934656635356661613565363965653339396135
36393935323665333238373463646665343135373638326137396631626234653866343632646433
38323930616566356633613962613138306262663932643931336237323730363264643764646363
32356638623339303836333239363638376165613864613738313964643362323863336435346438
65633633643036396334396538333265383161623865373062653439383038623635396137653131
32353036366462313236313934316261343763626562393038353562613437303962353563656536
64373739383232636537656262646131343630653061383636646233396536316364366430643432
62383434376337646664666438313339646233633334343636633130343432356438306665356332
30653936613861326131343435663337653661616365323466626261316463663131336362656665
34363734313439653464373738333735633539616133396166373937346264336565643132353966
63656530643035396566383733393461303562343765373433346364613164646264373062393636
31323531366463336631363362393061376136366436383233663562633436623366663665343964
30656565366636393630343831393935656464366666386339343436643233356633376664316633
32373066636636363963336533353663393161346531653334336434333238616434383637343337
62626434373030613265386263343237313532363039646433363962333535663637316364366237
30303463643063663566663937303836383333376137656164356339323039653232303664316631
39383039656533656337366262653437383564313239623733613566636139663464326439393835
62636261383532346339373539306636383763623462376464383661336639613832323863663634
35373339646664613838303334383131373363326139643563323439363338653038383338633663
35626363393736366439323164343431336637326534663937396566363138663937353931383963
31323866363330396366613738363963633033633733333731623863653163643462356138396235
63323631333565663664393562353036356433643133393433373363336265636636386434343639
34656635653732353163383032393564666130303939323266343837623665653134636337323062
36336538366537613639666631383339653737383362633565346564646163303865396237393433
32663538323962343930356230353237656533656661333163616334343137323137316266303131
34343663373339643737353462383232366166643632313530323730353766326666346463636566
38666166666664666638356562303061623031393763646261323531613266313037643530303966
31303235386538656364396330326564323862633437396334616239666664366465303365653061
35623361373637396534376633613930383030376639396638313330623761363963393061396139
66313736393435633631313035653865336635643461323363626433323665306564336634613638
64653632663139383462396662626362323266666465333363646130346132653438613365306138
31613039303539343461353038666664356463396137326531376636356563636365393161616563
66386439313939633166626435653137383738656332653634663536353632383536616639383636
62663831633163376534336661333436613930346161396263323438376237386635336634326636
65626365666664613665343066643162323136306464386136613564386131633134613366653637
34356436346634643134303662336664636236313535316337386439623736636437643732313461
36346439363863353735303234306435666639313465393232303936656466313162303231343238
64386563373566313637333139383438366463653035613933313161363730613634333665656431
33666563383634396531323330396463633565623630636364653234326563663563333562343032
66616231646139663262333730316166383565633630616266386632366631363766383638623163
30306537393134356431303965623862653733336236613765373639623365653962
